A???BB?????????B?A?? 1,12
BBBBB??A?????? 7,1
BA???B???AB? 1,2,1,1
?B???B?AA???B 2,1,1,1
?BAA???AB?A?AA 1,2,2,1
?B?????B?B??B?????B 2,1,8,1,1
?B???????? 1,4,1
B???B??B?BBA???? 1,1,7,1,1
?B?AB???B?BBB??? 2,3,8
A??B????BA 3,1
??BA??B??B?? 1,1,2,1
?B??B?B??A?ABAB?? 8,1,1,3
????BBB??BA???BAA?? 7,3,1
ABB????A?? 3,2,1
BAB???B?BB??A????A? 1,2,7,1,2
AB?A??B?????A??A?? 2,8,1
B???AA?A?A 3,1
????B?B???AA??? 1,6
?????B???A??A???? 6,1,1,1,2
?AA?AB????B?BBB?B? 1,1,1,10
AB??B?????BA 4,5
A?????????A 1,4
A??A?AB?B??A 1,4
??BB???AB???B??A? 5,3,2,1
?B????B??A? 1,4,1
B??BA??BBB???A 4,5,1
?B?AB??A???B 3,2,3
?B??A???B??? 1,1,5
???AB????A? 2,4,1
???B?AB??B???B?A?B 1,1,1,1,3,1
???AB???A?B???? 1,1,3,2,1
AB??BB????A 5,2
?????B???????A??? 3,4,1,1,3
?AAA???BBBB????B? 1,13
A?BB?B????????B???A 6,6
???A?B???? 2,3,1
A????????B???? 5,3,1
AA?B??AA??A?? 4,1,1
A?B???A?B? 2,1,1
B??AA???????B? 2,1,5
??B????AA??A???A 3,1,1,1
AAB??A????? 3,3
AB?????B?AA?AB?? 2,1,3,1,1
BB???AA????? 4,2
???????????BA? 1,5
AB?B???????B???? 3,1,5,1,1
?????B?????A 2,2,1
?A?????BBB?? 2,4
???????B???B?????? 1,1,7,1,1
?B????BB?????????? 9,1,1,1
???????A??B????B? 6,2,1,1
?B???AA??????? 4,3,1
AB?????B?B 4,4
???????A???????A 2,3,2,3
????B?B????????A??B 12,1,1,1
ABBAA?A?BB?B?A?AB 2,4,1,1
B?BB??B??AB 8,1
?????A??B????? 1,1,6
??A?AA?B?A??A 1,2,2
????B??AA????? 2,1
?AB???BB???A? 1,1,2,1
????????B?? 1,1,4
?B???A??BBB????A? 4,5,1
??A?A??B?BA???B???? 1,1,1,3,6,1
A???B????????? 1,7
?BBB????B?????A?BA 4,8,2
?B?????????? 8,1
?AB?B???BBB?A???? 1,8,1
????B?AB???????A?? 1,8
B????????A?B??B 2,1,1,2,1
?A??A??BAA?BA??? 1,1,2,2,2
?????AB??A?? 1,3
BB??A?BBB????? 4,7
?A?B?BBB??? 1,2,3
A?????A???B? 2,4
A??BA?BB???B?? 1,5,1
?BBA??B????B???????B 3,5,1,1,1,2
B??B???BA???BBB???? 1,1,2,5,1,1
??A??A?????BB?A?? 1,1,5,2
AB??A??B???BB?BA?B? 1,1,2,2,1,2
??????BBBB??BBAA?? 14,1
????A??B?????B??AAA 1,1,6,1,1
??B?A??ABAA 3,1
AB?B????????AA 5,4
???B?????B??B? 2,7
????B?????B?B??BA? 8,1,1,1,1
?B?????BBA?????????? 9,1,1,1
?B????A??B?BA??AB 1,1,5,1,1
?????B?AA? 1,3
?A???B?B????BB? 8,3
???AA?AA??B?AB??BB?A 2,1,4,6
?BBB??A?B?B?????? 5,4,2
?AABB???????????? 4,5
A??BA????????BAA???? 1,6
?BBB??????A????? 10,3
?ABA??A?????BAA??A 1,2,2,1,1,1
??B???????BAB 8,1,1
??AB?AAA?B????? 1,1,2,4
A??????B????? 8,2
?B?B??AA??A??B 3,1,3
A?????A????A 1,2
?????AA??????? 1,2,3,1
AAB?A??BABB??B??? 1,1,1,6
????A?A?AA? 2,1,1
AB???A??A??? 1,1,1,1
?A???BAA??????? 1,3,6
A?BA??AA?? 1,1,1
????????AB? 3,1
???B?????? 1,2,2
???BBBBB???B?A?BA??A 12,1
????AA??A? 2,1
A???????A???? 3,1,2,1
??B?B???B??B??A???A 8,1,1,3
?????BBBA???? 8,2
A??AA?A?B?? 2,3
B?A????AA? 1,2,1
??????????BBAB?BA 1,8,1,1
AB????BB??A?AB?? 1,1,4,1,2
?BBB???A??A???A? 3,1,1,1,1
AB?A?B???????? 2,1,2,3
B???B?BB???B?B??A 8,5
A?B???????????AB?B? 4,2,3
?BBA??AA??? 2,1
?AA???????????? 1,2,2,1,1
AB?A??B??? 2,2
???A???A???AAB????? 2,2,1,1,3,1
?B??????BA 3,4
?A????B?B?????B 7,5
??B????A?B??AA 2,2,3
AB?????B??B??B??A?? 1,4,1,2,1,2
???AA?B???? 3,1,1
B??B??????AAA?? 1,1,3,1,1
?B??A?AAB??????B 4,3,4
??A??A??????A? 2,3,1
AAB?AA?B???A 1,2
A?????B?A? 3,1
?B??B??B?B?BA??? 1,9
BB???A????A?B??A??? 4,1,1,3,1
A?A?A?A????????? 1,1,4,1
??AB????BA???BB???A? 1,3,1,1,5,1
BA??B?A?A?AA? 1,2,1,1
???AB?A???A 1,2,2
?AAB?A?B??????? 1,2,6
B?A?BB?B?? 1,3,1
B?BA???B?B???A? 3,5,2,1
BBAA?A????BB?B?B???? 2,1,1,9,1
A?B????A???? 2,4
???AABBB?B??B 2,5,2
B???A????B??? 4,2,1,1
AA?B??????AA? 2,4
??AAA????BA?? 1,3,1,1
?A??BB?B???A??????? 6,7
???B?A?????B? 1,1,1,1
??B?????????A??B?A?? 1,1,2,4,3
?????B?B??B??????? 1,4,1,6,1
?B???BA?B??? 2,1,1,3
?BBA??B?????A???A 2,3,3
??B????A??? 1,5,1
??BB?????????????? 3,3,1,5
???A?BB????? 1,5,1
?B??BA???B?????BB 1,1,6,3
A?A??B?A???B?? 2,4
???BB???A??????B???? 7,1,1,5
??????B????A?AA? 3,1,3,1,1
?B??BB???A???BA????B 7,1,1,1,1,1
???????BA??? 1,6,2
ABA?B?A?B? 1,1,1
?B???B????B?AB?????? 10,1,2,1
A?B?BBBB??B???????A 6,9
B?AA?BA?B?B????B? 1,2,8
A??B?BB?A????B??BA 2,2,8
????BAA???????? 1,1,2,2
??B???BAA?BB????? 1,2,1,8
A????????BB???A 6,4
????B?AAA??A?A?BAB 5,1,1,1,1
??A?????AAB?? 1,1,1,3
?????A???? 3,1
A????????A??A???? 1,4,2,1,1
?B??B???A????????? 7,2,2
???B????ABA??BB??? 4,1,4
B??BBAAB?????A 1,2,2,1
???????B???A?A?B?A 4,2,1,3
??A???BA?A???A 2,3,3
???A???B???A??BB? 1,7,4
????BBA?B??BBAA?? 6,1,2,1
A??A???B????BA?A? 2,1,3,2,1
????????B?B?B? 2,5,4
A???????A?B?B?A 5,5
?ABBB???A???????BB?? 5,1,1,6
??????B??B??B???AB? 1,1,9,1
?B???BA?????B 6,2,2
???AB??????A 2,3,1
A????BB?????A? 9,1
????BAABA??? 1,1,1,1
?BB?AA???????????BA? 4,9
?B?????A?? 3,2,2
B??????B??????A? 8,1,2,1
?BA?B?????BAAB??? 2,4,2,1,1
B????????????AB?? 1,6,2,3
???B???ABA? 4,1
?B??B?BA???B??????A 6,4,2
??BB???????B????A?B 1,8,1,2,2
?B????B?BA???A?B 2,4,1,1
?BB????B?B 3,5
?A?AA??BAB?A 1,1,1,1
?BA???????A?? 2,3
?B???B????A? 8,1
?B?A??????BA 1,6
B?BA???A?? 3,3,1
?AB?????????????B? 10,1
???????B??A?B?? 2,4,2
?B???BB??BB??B???B?? 8,2,1,3,1
?B???B???BB? 2,6
??A???BB?A 2,3
?????????A???AA?B?? 7,1,1,3
A?B??AA??B?? 4,3
???A???B????A???? 1,5,2,1
?BA???BB???BAA 2,6
?B?A???A??B??BA??AA 2,3,3,1,1
?B???????BB???A??B? 14,1
B?AB????AA?A? 1,1,2
??AA???????B?A??A 1,7,1
?B??B??????BA????? 2,1,1,3,1,1
?AA??A??B?A?? 1,1,3,1
????A??BB?B?B??A 2,8
??????BB?B?? 1,1,7
???BB?AB?B??????B??? 3,13
??B????B????A??A 3,1,2,1,1
???A??????AA?A? 2,1,1,1,1
B???BBB???????A 1,6,2
??B?BABB???A????BB? 3,1,4,1,4
?A????BB????????BB?? 4,7
?ABBB?BA?B??BA??B??A 1,5,3,1,4
A?A?B????? 1,1,3
AAA??A???A 2,2
A?????B??? 2,2
??????BB?BAA?????BA? 4,4,1,1,2,1
??BB?B??A?A?? 6,1
A???BB????AA??B???B? 5,7
B???B????? 5,1,1
????????B?A 3,5
?A??B???BB?A??? 1,1,1,5,2
???????B?A?A 1,1,2,1
?ABB?BA??B?B?AA 4,6
?BB??????BA?????? 7,1,2,1,1
?A??????AA???A?AA? 2,1
?AA?????B??? 2,2,1
??BAA????? 1,1,1
???????B?A?? 9,1
????B??A??A 6,1
BA?AAAA??????B?? 1,8
?BBB?B?????BB??? 13,1
???A??A???BB? 1,5
BBA?A?A?BB??B?BB???? 2,1,10,2
?B??A?A?A? 2,1
???B??B??????A?? 1,1,3,4,1
B?BB???B?BA???BB? 8,1,4
????ABBBA????BB 1,3,1,1,2
????????A????BB?B?? 1,2,1,1,2,6
?A???B?????A 4,1
????B?A??ABB?? 1,1,2,3
B??????A??B 3,3,2
AABBBBAB?BA?????BB?A 4,1,1,6
??????????B?????? 1,3,2,2,3
?A??B???B?B??????BA 3,10
?B?AB???????B??B 2,4,1,1,1
??????????? 7,1
AA??AAB?B??B???B??BB 2,14
?B?BA????? 1,1,2
B??B??B??BAB?A?ABA?A 7,1,1,1,1,1
??????B?A??ABA????? 1,4,2,1,5
?B????B??? 1,1,3
B?B??B??AA??AB???? 8,1,4
??B??B?B?B???B????? 2,1,11
?BB??B?BA?????A?? 7,2
B????BB?AA?A 1,5
????B?B???????B??? 8,1,1,2
???A????A?BB????B 1,1,2,4,3
??????BB?BBB?? 1,1,9
???B?A??B?BA?A????B 1,3,1,3,1,1
AB???????BB?B?A 10,1
????B???A?????B??? 2,3,2,2
BB?A????B?B?? 2,2,5
A?????B???B??B?AB? 1,1,6,2,2
?A??B??A??B?B?B?B?? 1,1,2,11
A?B???B?AA? 2,3
A??A??BA?? 2,1
?????B?AA?? 1,2,1
ABB???B????ABA??? 2,5,1,1
??A??BB?????A 2,4,2
AABBA??B????????BA?? 2,1,10,1
???BBB?B??BA 1,8
??AA??BB??A? 1,4,1
?A?B?BAA???B?AB??A 1,3,5,1
??????B?????? 1,1,1,4
??AB???????????B? 1,10,1
???A?????A????????AA 1,5
???BBBBA????? 6,2
B?BB?A?????????? 4,2,3
???A?B????A??A?BA? 3,1,3,1,2,1
????????A?A?A 7,1
?A?BB?B??A??B?B?B?? 1,6,5,2
A??B???AA?B??AAA??B 2,4,1
BA???????B 1,6
?BA??BBA??A????? 1,2,1,2,1
?A?AA???B?????? 6,3
?A??B?B?B?? 1,7
???B???BA?B?A???BAB 1,5,1,1,1,1
??A?????B??????A?A? 1,1,4,1,1,1
A?A?????A??B 1,2,1,2
???AAB?B?B 1,3,1
?AAB?B???????B? 1,4,1,1,1
??B?A???B???B?? 3,4,1,1
????B???????B??????A 1,13,2
?A???B????AA?A 1,8,1
??A?B?A?A???BB?A?B 1,2,1,6,1
???AA???B???BBB?B??? 2,13
AAABB??B?A??A 5,1
???A?B?B?? 1,4
?B??????AB? 2,1,1
BB?B????B? 4,4
???AB?BB????B??????A 1,5,4,1,1
BA??????BA 1,1,1
??????A?AAB????B? 4,2,1
??????????BB???A 2,1,7
?B?????????? 2,5,1
?A?A????B??? 1,5,1
????AB??BB?AA?A? 2,6,1
????????B???? 1,1,1,5
A?A????BB???B?A??? 1,10,1,1
?A?????B?? 2,2
A????AB??A??B?? 2,2,4
B??AB????B?B????AA 1,12
?BB?A??BB????? 2,6
?A??AB?B??BBBBB?AB 1,10,1
A??BA?????? 2,4
?????B???A?ABB? 1,4,2
??AA???AA?A??B??A 1,2,3
???BB?BB?B?B??????AA 1,13
????A?A??AB?B?BB???B 1,1,1,10
??BA?????BB???????A? 3,11
A?A?AA??B??B??? 1,7
??B?BA???A?BB??? 1,1,1,1,4
???????B??? 2,4
A?B??BB??B?????? 1,5,1,1
?B?B???B?B?AB?B?B 5,3,5
A?AA??B?B???B???A 1,10
????B?B?B??A?? 1,4,2,1
?????AB??B??B??? 2,8
??A?B?????????B???AB 1,13,1
?????B????B?? 1,1,5
?????B???A??B?? 5,2,3
?A?A????BAA 1,4
??A???????B????AB?? 2,1,1,1,2,2
???AB???????BA 1,1,5
????B?BA?B??A???A?? 1,5,1,1,1,1
A??AB???AB??B??A?B 1,1,1,4,1,1
????A?????BB?? 2,1,4
??AA??????A??? 1,3,2,2
????A?????A 4,2
????AA??????BB??? 4,1,1,4,1
??AA??B?BB??AB?? 6,3
B?A?BB?B?AA??B? 1,6,2
?B???????BAB 2,2,2,1
???AA?A??A 1,1,1
A???????A? 1,1,1
?B????????BB? 1,2,3
??????B???A?A?BB?BA 1,7,3,1
B??????B??? 1,6
?AA???B??????? 5,1
??A???A??B??B 2,1,3,2
B?A?B?????B?BB???A?A 1,2,8
AB??B???A???A? 1,2,3
B????????B??? 5,3,1
??????B???BBBA 7,5
????BB?????BBB? 1,4,1,4
?????A????B?B??A? 3,1,1,5,1
??B?B??????B?A?A 2,1,1,1,2
B??????B?A?B? 1,4,2,1
?B???BAAA???? 2,1,3
???A??BB???BA??? 3,1
??A?B?A???B?B?BB??B 1,3,1,1,1,5
?AA????A?? 2,2
???A?????? 1,1,1
??B??????A????A 7,3
??A????????AA??A?B?? 1,1,1,2,2,3
??BA???A?? 1,1,1
?????????B????A?BB?? 1,1,7,1,3,1
??????B??BB?BB 2,1,1,6
B?????A?B???A? 6,4
A?B??BA?B????A 2,1,3
??B?A??B?? 3,3
??B??BB??BA 4,3,1
???B????A?A?????A?? 1,3,1,2,1,1
?B?A???????BA 2,8
??AB?????????????B?? 3,3,6
?A??BBB??BA 5,1
????A?B??? 4,3
?A?A????B???BAB 1,1,1,3,1
ABB???BA????A 4,1,1,1
??B?BB??????B?? 1,6,1,1
?B??BB?AA??B?A 5,3
B?B????BAB??B? 3,2,1,4
??B???B?A? 1,2
??BB?B?AB?B???? 1,4,3,1,1
?B??A???BBB??A 3,5
??A?A?????B????A? 2,4
B???A??B?B???A???? 3,6
?B?B????BA?B???BB??? 4,1,10
??AB????????B??A? 1,1,1,6,1
??B??BA????A??A 3,2,1,2
?BA?B?????AB? 1,3,1,1
????A??A?????A?? 2,2,3,1
?BA????AA???AB 2,2,1,1
?A??BB??B??????A 3,1,2,2
?????BA?BB????BA? 2,1,6,1,1
A?BBB??????A?B? 8,1
A??AABB???B?B?? 2,9
A??B?BBBB???A?A? 8,1,1,1
??A?A?ABA? 2,1,1
??????A??B??? 4,1,3
??A?????????AA??? 1,2,1,3,1
?A???B??AA??BB??AA? 1,1,1,1,6,1
BBB???B???????BAAAB? 13,1,2
B?BBB?????B?????BB? 1,6,4,1,2
A?AAA?AB??A??BB?A? 1,2
??A?A??BA??A? 3,1
??????A?B?BB??A? 3,1,6,1
??????B?BA??B?BAA 2,1,2,1,5
?B??BA?A??BBB???BB?? 2,1,1,4,6
B?AAA?B?BA 1,4
B??B????B?A??A???A 1,7,2,3
??????????B??A?A 1,8,1
????????B??A?A??BA?? 7,2
??B??B?A??B??B???B? 4,10
B?BA?B????? 3,2,2
??BA?????A???? 2,1,1,2
A?B???AB????B?? 2,6
???A?ABB??A???? 1,2,1,1,1
???????BBBABAAB?A 2,2,3,1,2
??B?B??AAA?BAA 4,1
??AA???????A?A 1,1
????B?B??? 3,3,1
????BB???? 2,3,2
??AB??A?????B?B? 1,1,1,3,1
A?A??A???A 1,2
??A??B?????? 2,2,1
A?????BA?BB??B?B??B 2,1,2,4,1
???B???B???BA??AB?B? 2,7,1,3
?BBA?A?AB??BA?B?? 2,1,1,2,2
????A?BBA??A 3,2,2
A?B?B?????????BB??A 7,1,5
??????BBB?B??? 3,8
?????B??BA???A?B?A?A 9,1,3
AA??BBAABBB?B??? 3,5,1
ABB?ABA???A? 2,1,1
AABB??B?A???B???A 5,6
???????????B????B 1,5,2,2,2
??BB???B????????B?? 1,6,1,1,1
AB????????BA 3,1,1
?B???????A????B 2,1,1,2,1
??A?B????BB? 2,4
B?B?????????BB?BBA? 1,1,1,1,8,1
??AB???B??AB?A 1,4,1
?A?A????BAA?? 1,4
????AAB??????BB??A?A 1,1,11
?B????A?A? 4,1,1
B?????B????B??A???A? 1,1,7,1,1
A??AB?AB????BAB???? 1,2,6,1,1
??B???B??? 5,1
??????BA?????? 6,1
?B??????B?BA?AA 1,4
A?????A??AA???B???? 3,1,6
?B?A??B?B?B??BA??A 1,1,8,1
???ABA??A???B??? 3,1,1,6
??B?B????A?? 6,1
?????BB????B?B?B??A 4,8
A?B???????BA?BA??B?? 7,1,1,1,1,1
?BB?B??BA??B 5,1,3
?AB?????B???????BB?? 1,2,11
??B???B??A 1,3
A?A???B???BAB?AA? 1,4,1,2
B??AB??????A 1,2,1,1
A??B?BBB????B? 1,4,3
??A???A?A????A? 1,2
?A?B??A??BA?? 3,1,1,1
?BA????B????A 1,4,1,1
A?BB??A?A?BA?B 5,1,2,1
????B???????A?BB?A 10,2
???A?B???A????BBB?B 1,1,2,1,8
?AA?B?ABB?? 2,3
???????????AB??B?B 2,1,1,1,4,1
???AA???A????B? 1,3
AB???B?B?B 1,5
???AB?AB??B??BBA?A? 1,1,8
????????B????A?B???? 7,5,4
???A????B?B?? 1,3,4
?AA?B?????ABB?? 6,3
?????????A???????? 1,1,4,1,2
????B??B?A??BA? 3,1,3
??BAA????? 3,3
??BA??B???AB??A 3,3,1,1
??B?A???B?????? 1,1,7,1
????B??B?A????A??B?? 7,1,1,1,1
A??B???B??B?????B?? 2,11
A?B?B?B??? 3,3
????B???BBA 3,2
A?B??B???????? 4,6
A??A???BBB?A 2,5
??A?A?????B?B??? 1,8
???AA???B?B?AA?B?? 3,1,1,2,2,1
????A?B???BB?BB? 1,1,1,1,5
?????????????????B 1,1,3,1,5,1
B??BA?BA?A 1,1,1
????AB??B??A??A? 2,4,1
??B?BA?????A 1,3,4
B?B???B?????BA?? 1,7,1,1
?B??????B?? 2,1,1
?????????ABBBA???? 1,5,3,1,1
??????BB??A?BA?? 1,7,2,1
?A??A??????A???? 1,2,2,3
A??????BB???AA??BB? 8,4
A???A?AB??????B???B 2,1,4,7
?BAB????B???? 1,4,5
?AAB??BB??B?A?B?B??? 1,1,2,2,4,1
??AA??????A?? 1,5
???A????BA??B?B????? 2,1,1,10
???????AAA?B 2,1,2
BA?B??B?B?B?B?A??? 1,4,1,3,1
A??B??AB?B 4,1,1
??????????A????A? 1,4,1,1,1
?????A????B??? 3,2,2
???B??????B????B??? 11,1,2
A?AB?B?BA?A 1,3
??A????BB??AAB 1,1,4,1
?????B??BB??A?B? 1,10,2
AAB??B?????? 4,2
A?B??A???B?? 3,5
A?????A??? 1,1,2
?????????A 1,1,2
???A???A?B?A??? 3,1,2,1
???B??A?B?ABA? 2,1,2,1
AB????B???B????? 3,2,3,3
??????B?BA??? 1,4
?A????B??BBA 1,2,5
?A??B?BA?? 3,1
????B?B????AB???B?A? 3,4,1,6
????B?B?B?B?B??B??A 9,8
?AA?BAABBB 1,1,3
A????????B?? 7,1,1
?A?B??B??A?????? 3,1,1,1,1
?B??AB?B???B??? 3,1,1,3
?B?A????B?B???A? 2,6,1
??A???A?????? 1,2,2,1
?B??AA??????B?B 2,1,2,2,1
??B?????B???B???B?B? 12,2,1
??B???A?B??? 1,4,2
???AAABAA?B??? 3,1,3
BB?AB?B?BB????BB??? 2,6,3,1
AB?B?A?A???B?B?BB 4,8
BB??A??????BA 3,6
?B???AABABA??BB?? 1,1,1,1,5
??B??B?B?AB?AB??B?? 1,7,2,1,1,1
A?A???????BB??A?? 1,2,3,2
??B????B????A??A 8,1,1
???B?A?B???? 2,2
???B?B?B????? 7,2
????A????? 3,1
BBB?B?B????? 3,4,2
??B?B??BA?AB?B?BB?A 5,2,7
A??A???BAA???B??A? 1,1,1,5,1
?B?AA???A? 1,3
AA?BB?A??AAB?B?BB?B? 3,1,9
?A??A?BB??A 1,3
????B???BBB??A?B 1,1,4,2
B??BAAA???? 1,1,3
?????AAB?B 4,1,1
??B?B?A??AA 4,1
AA?BA??B?? 2,2
???A?????B??B?? 1,6,2,1
???AB?BB???B??? 2,11
???B????B?B????B??? 2,9,5
??A???A??????? 1,2
??BB?AAA????B?? 4,4
??B??B????? 5,1
?BBA??A?ABA?A? 2,2,1,1
A?BA??B???AB?B?AA?? 2,5,3,1
?B???BB?????B? 9,2
??B??AB?B?A??B 4,1,1,2
BA?B?????? 1,1,1
????B???????A??A? 11,1
??A?B?B???B??B? 2,10
?B??B??B??B??B??B? 8,1,5
?B?B?B?????????BA??B 1,7,1,1,2
A??A???B?A 2,1,1
??AAA??B?BA 1,4
A??AB????A?A? 1,2,1,1
??B?BA?B???BBB?B? 3,7,1
?????B???BBB?A??? 2,1,6,2
?B?B???BA???B?A?AB 8,1,1,1
?A??B?B?B??BBB??B 1,14
BA??B????????AA 1,5,1
BB?B???????B???BB??? 9,4,2
A??AA???B?? 1,3
BB????A?????A 2,1,3
A???A??????AB???BB 1,3,1,1,4
BA?BB??B??BB? 1,7,2
?B??B????? 2,4
A?B???B??B??B?BA 7,4,1
????B?AB??BAA 1,2,1,1
??A?BBA?B??B?? 3,1,3
?A????A??B?B????A??? 3,5,1,3
?????BAA?BBB?A???A?B 2,3,5,1,1,2
B?A?AB?A?B?? 1,1,1,1
?B?A???ABBA?A?A? 2,2,1,1
B?B???A?BA?????? 4,1,2
?A??????A??? 1,2
AB????B??B?BB?A? 2,1,5,1
???B?B???ABA 1,1,1,1
?BB??BB??????A???? 7,1,2,1,2
B????BB?B?AAB?B??A 9,1,1
??B??A??B??B????B 1,2,1,1,4
A????B???B???? 5,1,1
???B?A?AA???????B 3,4,2
????B?B??B??A????AA 7,2
B?B????BA???AAB? 5,1,2,2
?B?B?B??A??????AA 5,1,2
??B??????? 1,5
AA??BB??A?B??AA??? 3,2,1
B????A??????B? 1,1,4,1
?BAB??????B? 1,1,1,3
??A??A???B???A 1,2,1,4
??B?B?????? 4,3
?????A?A??B? 1,1,1,1
??BB??B???B?? 6,1
?A????BBB??B??? 3,1
??????????B??AB? 3,1,1,2,1
????B?A???BB?? 1,1,6
?A?B?A??B?????? 2,2,2
BA??BB?B?????B?????? 1,10,2,1,1
?A??B???AA???? 1,1,2
ABB????A??? 4,1
B???AA???B??B???B??? 1,1,1,1,9
BAB??B???????BAB?B?A 1,7,2,1,2
??B??B?????B?BBB??? 5,3,7
?B?B?A??A??? 1,1,1,1
AAB????????B 1,2,3,1
?A??BA?B??? 2,2
AB?????A?BB???B?? 6,8
?A???B????AA??????? 4,1,3,2
????A???B???AA? 1,1,2,1,1
B???B??????????? 1,2,1,6
?A??A???B? 1,4
??B????BA??? 4,1,1
????A??A?B??A??? 1,1
BA?A?B??????A?B?A? 1,2,3,3
?BB??BB??A?AA? 2,4,1
???A??B?????BBB?B?B 1,13,1
????????A?????????B? 2,1,1,9
?B?B??B?????B????? 2,2,1,1,3,3
??AAB??A???A???BB 3,2,3
?A?B?B???B? 4,1
A?B??B???B??????BA? 10,4
???????????BB???A? 1,1,1,1,3,1
AA?B??AB???????B?? 1,1,7,1
?????B?B?????? 1,3,2
A??????????AB?????? 2,4
??AB?B?A?A???? 4,2
???B????A?B???B 1,1,3,3,1
??A??????A???A?? 1,3,2
?BAB?????B???BBB? 2,1,11
????AB?AB????BB???AB 2,1,2,5,1
??ABB????BB?AAA 3,4
AA?B??A??A?BB??B??A? 4,6
?B?????????B?A 6,3,2
??ABB????????BBBB??B 1,15,1
???A?A????? 1,3
???B?BA?BB?? 5,3
A??B?AABB? 4,3
?????B??B????ABB? 6,2,2,2
??AB??B???BBABA 1,3,2,1
?BA?A????A?A 1,2,1
??A?????????A 2,3,2,1
????B???A? 1,2,1
??????AB???A 1,1,3
BAA?A??B?? 1,3
AABA?????????A 1,4,2
?A??????B?????A? 7,2,1
?B??A?AB?BBB??? 1,1,1,5
A??A?BA??A?A???AAA?A 2,1
???B?AB?B?A??AA?BA? 1,3,4,2,2,1
AA??AA?B??A 1,4
A??B?????A??????? 6,3
?AA??????AA???A? 1,2,3
B?????A?B?????B????A 1,1,1,12
?????????A?B??????? 1,5,7
???A?BA???A??? 2,2,2,3
??A?A?A??BA???? 1,3,2
??A????BB????B 1,6,1
?A???????A?BA 1,2,1,1
AA??BA????A?????? 3,1
??B?B?ABBB?B??B?BA?? 4,5,2,1,1
??B?AA???? 3,2
?B?BBA???ABA??BB???B 5,1,1,1,4,2
ABA?B?A??B 1,2,3
B?ABB??AAB???A???B?? 1,2,1,4,3
??B??????????????? 3,1,1,2,1,1
A??AB?A?B??B 1,1,3,1
?A?B??B???????B????? 1,5,3,4,1
???B????B??? 4,3,1
A??B???A??B? 2,4
BB?A??AB??B??? 2,1,6
B??BAABBAA?BA 1,1,2,1
?B?AB?B??B??BBA???B? 2,3,2,2,4
AA????????A?A??A?B? 1,1,3,1,1,3
B??A??????B 2,5
?ABBB???????? 3,1,2
A?B??B?B???AA????? 2,7,3
?B?BB?B??ABB?AA?B?? 7,2,3
??B?A??AA?B?BAB 1,1,4,1
??B????????BA? 9,1
BB?B?BB????????????? 8,1,1,2,3
B????B?????B???? 9,1,1
?BAA???B?AB???B?BB?B 1,1,1,10
?A?????BBA?B?? 1,4,2
?A????????? 5,2
?B?B?????A??B?BB?? 4,2,8
???AB??BA?B??B?A??? 2,1,1,5,2
?B??A?????????BA 4,2,4
ABB?????ABA?A 2,3,1
ABBAA????A? 2,3
?B?B???A????A???? 4,2
BB?A???A????? 2,1,5
?B??A?B??? 1,1,5
?A????B??AAB?AA? 2,1,2
B??????BAA 1,2,1
???B??AA?B??? 1,1,3,1
??B???AB??? 6,1,1
???B?????????????? 3,2,6,2
B??????A?????? 4,1,1,1
?????B?B?? 2,6
?BB?B???????A???? 2,2,1,1,4
?AA?????B?A? 1,3
BBAAB?A??A 2,2,2
AAB??????? 1,2,1
AA?????BBAA 2,3
??B???????B? 1,3,2,1
B??AB???????????? 3,3,1,4
B??A??BA???? 2,1,2
?????B?A????? 1,2,1,1
????B?BB???BB??B? 6,8
?A??B?A?????AA 2,4
??A?????B??B? 1,1,5
??????BAB???A?B??? 2,1,1,4,1,1
?B??A???B???AA?B 1,1,2,1,2
BB???A???BBB? 2,1,1,4
BB?????????????BB?BA 5,1,1,7
??AA???B???????????? 1,4,1,1,3,1
?AA??B??A?BB?? 1,1,1,3
A?A??A???BA?A?? 2,1
??????????? 1,4
????BA???? 3,1
??B??????B??A? 2,8,1
A????B?B??????A 6,3
??B?BBB?A?A???B????? 8,1,1,4,1
????A?B???A 1,5
?A????B????A 1,7
????A????? 3,1
?ABAABB??B????? 1,1,9
B?B?B??????BB?????? 1,1,10,1,1
??A???AB?? 2,1
A?B????BA???A?AB 4,2,2,1,1
A????BA??? 1,3,1
???????????B???? 1,6,3,1
???AB?A????A 2,2
??B?????B??? 8,1
???????????A 1,1,2,3
???BA????AB?A??B 3,3,1,1,1
????B??AA?AB?A 3,1
ABB?????B?????A?A?B? 9,2,1,1
????A???????B?? 2,1,6
AA??A?B??? 1,2,1
B?A???BA????BBA 1,1,1,1,2
?A???B????B 1,1,6
?A????????? 1,6
???B?BB???B????A?A? 9,2,1
?AB?BA?????B???BBB? 1,1,1,1,1,8
???BA?A??AB? 4,1,2,1
???AA?AA?B 2,2
?????????? 1,2,1
AA???B?????BAAA 1,7
??A????AB????? 1,3,1,3
A?B???B??? 2,1
?????????A??????? 2,1,3,1,5
???A??????B???? 2,6
??BB???B?B? 3,1,2
?AAA?B?A???AAA 3,2
???B?AA?BB?? 2,3
B?B??????B???B??B?? 4,13
?????B????A 1,1,1
A?AB?B????B?????A??? 1,6,1,2
????B??????A?? 8,1
A?B???B???AB?B 2,1,1,3
????BA????? 5,1,1
A?B???A?BBB?A??B 3,5,1
?B???B??????B??ABA 8,4,1
??????BAB???A?? 1,5,2,1,1
B???BBA?BB?? 1,3,4
BA?A?A???????? 1,1,4,1
?B????B??B?? 2,3,3
B??B???????AB?? 1,1,1,2,1
A????????? 1,1,1
???B?????AA??A 9,1
AA?B??B?A??AA???A 6,2
?A?B????????A?AAA?? 4,4,1,2
B?A????A??B 1,4,2
A?B?A??AB?????? 1,1,1,4
AAB?????A??B???ABB 2,1,1,1,1,2
AB???????A?B??A 6,1,3
AB??B?AB?????B??A??? 1,1,1,7,1
?B???A?A?B??? 1,2,1,4
B?A???????????????? 1,2,6,1
???BA??AA?? 4,1
B???AB????A? 2,1,2,1
AB??????AB??A? 2,2,2
?A?????B??BA??B?A? 2,4,4
AB???????BBA 1,1,2
?B??????ABABB? 2,4,1,3
?B????A???B? 5,3
?A??B?B??BBAB? 1,4,2,1
???B?B?BB??????? 1,6,1,1,1
?AAB?AB?B? 1,1,2
????A??AB?? 1,2,1
?B?A?AB?AAA?? 2,1,2,2
?????????B???A 1,1,1,5
A?B????A???B?? 6,1,2
??A?B????A???BA 1,4,1,1
A???B??A?????BBB 4,8
??BB?????B??? 8,3
?B???????BBA? 3,4
??AB???B??B?A 5,1
?BA????B????BA???A 1,1,6,2
???????B???B?? 3,6
??BA?BA???? 2,1,2
????????A?B??????A?? 1,1,1,1,6,1
A?A??????????B?? 5,4
?B?AA???B??B??B??? 2,11
??B???A???B??B??? 2,2,6
BB?B??BB??B?????AA?A 9,2,1,1,1
B??????A?AB??B? 1,2,1,1,1
A???A??B?AB?? 1,1,2,1
A???BA?B??B?B??B 4,1,4,2
?A?B???????????A? 2,2
?A????B??????A?? 4,1
?B????????B?A?AB 6,2,1,1,1
AA????B?????BA 5,1,1
????BAB???????????? 1,1,1,1,8,1
?AAA?B?B??? 1,3
?B?????BAA?A?? 7,1
??B??????AB?B?B?A?? 4,2,6,1
???B???A??A 4,1,1
???B???B?B?B?B??B??? 2,1,3,9
??A????A???BB?B 2,6
???AB????B?B??B??AB 1,1,1,10,1
??????????A??B?B?? 2,5,4
??B????????B?B 1,5,3
????A?AAB??? 2,3
A?B??B??A???AA?B 1,2,1,2,1
B????????????BBB?B?? 3,14
???????AA?????BB?? 2,2,9
?BB?B?A???A????A??B 5,1,1,2,1
???BA????BBB?BBBA??A 1,1,1,8,1
?B??????B??B? 2,1,6
?AA?AA??BA 1,1,1
B???????????A?? 1,6,1
A???A?????? 1,3,1
?A????B????BB??A? 1,8,1
??B?A?A???A?AA? 2,1
?????B????????? 1,1,1,2,1
???????????A?A?B 1,5,1,1,1
??B??A??B??B?????? 3,1,4,2
A????BB???B 4,1
???BA?B??A???????B 2,3,5,1
?????BAB?A?AB???A 6,2,4
?A??B????AB??B???B 4,8
B???A?BAB??BA??BB?? 1,1,1,4,2,1
?B?ABBAAB?BBA?B 2,2,4,2
???A??????A??????B?B 1,1,1,1,1,9
?A?B??B?BAB? 1,1,3,2
?B????A?B???? 4,3
??B?B?B?A????? 7,1,1
BB?B??B??A? 8,1
??BA?BBB?B?A? 2,6
B?BB????????BA 7,1,1,1
??AAB???BB???A?B???? 1,3,2,2,5
??B?B?A????B?B 3,1,2,4
??????BB??AB???? 3,3,3
?B???BA?????B?? 4,1,5
??A??B???????A?BA 1,6,1,2
AA??????????B?BB 8,1,2
AB???ABB??A?B??B?? 3,2,1,1,2
?B???BB?AA 1,1,2
A????B?A?BB??BAA??? 6,6,1
??B???BBA?ABBB??B? 7,4,1
?????????B?B???? 9,1
?B?BB?B???B?AA 7,2
AB?A?A????? 1,1,2
?BA?B????BA?? 1,3,1,2
A????B??A??BAA??? 4,3,2
???????A?B??BBB??A 6,7
A???BB???B?? 1,4,1
????B?BBB???B? 1,1,1,7
B?A?A?A?B? 1,1,1
?ABB?B?A?B??ABA 4,2,1
??A???A??B?BB?A???B 2,2,6,1,1
A???ABAAB???A?? 2,1,1,1,1
?B????A?A?B 2,1,2
??B????B?B?A??A 3,1,1,2,2
???A????BA????? 1,4,2
A??BB????B?A???A 5,4,1
?BB??B????B??B 2,2,1,4
?B????AB?B???B?? 2,2,7,1
????BAA?B? 4,3
BA?AB?????B? 1,1,2,3
??B??????B?A??? 5,1,1,1,1
??????BAB? 1,2,2
??BA??????B? 3,4,2
B?????B??A?ABB????? 1,1,4,1,5,1
??A??A???B???BB????A 1,6,4
A?B?A?AA?B? 2,3
?B??????A?B?AB 5,1,2,1
??B????B??AB?B? 7,3
??B??B?A????B? 1,2,5
???A???AA??????? 2,3,3
???B???B??? 1,7
B???A???B??? 1,2,1,3
?????A?AB??A??B 2,2,1,2,2
??A?B?????????B??BB? 1,16
??A???????????? 2,6,3
?????B?????BB?AA??B 1,1,2,7,1,1
AB?A??????BB??A?A?? 1,2,5,1,1,1
?B???A????A? 1,1,4,1
????????B?B????? 1,1,11
????BBBA?B??AB? 1,3,2,1
B??A???B??????? 3,4,3
?B?????AA? 2,1,1
????BB????B???????BB 3,3,8,2
?????A??BBB????? 2,4,1
A?B??B???A?? 2,1,1,1
????B??A?????A 5,1,1
?B?????A??A????B 5,1,1,1,3
?BBA??????B 3,5
??BB???B????A?BA?? 7,3,1,1
?AABA??BB???A?? 1,7,1
?B?BB?????B??A?B 1,10,1
??A?B?BA????B??A 4,1
A?????B?BBA??A 1,7
???BA???A?B????? 1,5
B?A???????A??? 1,1,5,1
?BB??B???BB 7,2
B?BB??????AA 7,1
BAAA????????BB?BB?? 1,3,7
???B?????B?????B? 3,8
?B???B??BA????A??B 1,1,4,1,1,1
??B??B?????????? 4,1,1,1
?A?????BB????BB????? 1,1,8,2,1,1
?????B???? 5,1
?A??ABBB?BB??B? 1,1,3,2,2
????A??AA?? 4,1,2
??A????BA?B 5,2
BAB??A?????? 1,1,1,2
AAB??B??A??????B??? 6,6
AB?A??BB???AB?BA 2,3,1,3
?????A??A?????????A? 3,7
ABB?B????B 4,1
?B???B??B??ABA?B 2,1,3,1,1
??????B???A 1,1,4
AB??BBB?????B?? 1,11
A????B?????B?BBA??AA 10,2,1
??ABB?A???B????AB 1,2,8,1
A??B?????????A? 1,1,4,1,1
?B?BB?A???? 4,1
A??????B?A?B? 5,2
?A???BBBA????A?A? 1,6,3,1,1
BB??BB????????BB?B? 7,1,6,1
??B??????????BBB?? 2,1,1,6
?A??ABA??B????A 1,1,1,1,2
????????A??B? 8,1,1
?A??????ABB??BAB?AB 1,1,2,5,1,1
AA?B?B???A??A??A?? 6,1
A????BABB?B?BBAB??? 1,1,1,7,1,2
??B???B??B?B??? 12,1
B???????????B?B????? 1,2,1,1,6,1
???BAA?????B??A 1,1,7
??BB???BBB??A?B?B?A? 12,4,1
??????BA?BBA?B???B? 1,2,2,3,1
??A??A?BB???????BA 2,1,11
A??B????BB??? 3,4
A??B???B????B??A? 14,1
?B????AAB??????AA 2,1,7